
 Area Matrix:
[[2951.    0.    0.    0.]
 [ 606.    0.    0.    0.]
 [3457.    0.    0.    0.]]

 - Matrix:
[[39.  0.  0.  0.]
 [ 6.  0.  0.  0.]
 [55.  0.  0.  0.]]

 / Matrix:
[[39.  0.  0.  0.]
 [ 6.  0.  0.  0.]
 [55.  0.  0.  0.]]

 | Matrix:
[[39.  0.  0.  0.]
 [ 6.  0.  0.  0.]
 [55.  0.  0.  0.]]

 \ Matrix:
[[39.  0.  0.  0.]
 [ 6.  0.  0.  0.]
 [55.  0.  0.  0.]]

 Plus Cross Matrix:
[[156.   0.   0.   0.]
 [ 24.   0.   0.   0.]
 [220.   0.   0.   0.]]

Deform Area Matrix:
[[2951.    0.    0.    0.]
 [ 606.    0.    0.    0.]
 [3457.    0.    0.    0.]]

Defrom - Matrix:
[[39.  0.  0.  0.]
 [ 6.  0.  0.  0.]
 [55.  0.  0.  0.]]

Defrom / Matrix:
[[39.  0.  0.  0.]
 [ 6.  0.  0.  0.]
 [55.  0.  0.  0.]]

Defrom | Matrix:
[[39.  0.  0.  0.]
 [ 6.  0.  0.  0.]
 [55.  0.  0.  0.]]

Defrom \ Matrix:
[[39.  0.  0.  0.]
 [ 6.  0.  0.  0.]
 [55.  0.  0.  0.]]

Defrom Plus Cross Matrix:
[[156.   0.   0.   0.]
 [ 24.   0.   0.   0.]
 [220.   0.   0.   0.]]

 Area Matrix:
[[2955.    0.    0.    0.]
 [ 595.    0.    0.    0.]
 [3434.    0.    0.    0.]]

 - Matrix:
[[38.  0.  0.  0.]
 [ 6.  0.  0.  0.]
 [54.  0.  0.  0.]]

 / Matrix:
[[38.  0.  0.  0.]
 [ 6.  0.  0.  0.]
 [54.  0.  0.  0.]]

 | Matrix:
[[38.  0.  0.  0.]
 [ 6.  0.  0.  0.]
 [54.  0.  0.  0.]]

 \ Matrix:
[[38.  0.  0.  0.]
 [ 6.  0.  0.  0.]
 [54.  0.  0.  0.]]

 Plus Cross Matrix:
[[152.   0.   0.   0.]
 [ 24.   0.   0.   0.]
 [216.   0.   0.   0.]]

Deform Area Matrix:
[[2955.    0.    0.    0.]
 [ 595.    0.    0.    0.]
 [3434.    0.    0.    0.]]

Defrom - Matrix:
[[38.  0.  0.  0.]
 [ 6.  0.  0.  0.]
 [54.  0.  0.  0.]]

Defrom / Matrix:
[[38.  0.  0.  0.]
 [ 6.  0.  0.  0.]
 [54.  0.  0.  0.]]

Defrom | Matrix:
[[38.  0.  0.  0.]
 [ 6.  0.  0.  0.]
 [54.  0.  0.  0.]]

Defrom \ Matrix:
[[38.  0.  0.  0.]
 [ 6.  0.  0.  0.]
 [54.  0.  0.  0.]]

Defrom Plus Cross Matrix:
[[152.   0.   0.   0.]
 [ 24.   0.   0.   0.]
 [216.   0.   0.   0.]]

 Area Matrix:
[[2923.    0.    0.    0.]
 [ 604.    0.    0.    0.]
 [3422.    0.    0.    0.]]

 - Matrix:
[[37.  0.  0.  0.]
 [ 6.  0.  0.  0.]
 [54.  0.  0.  0.]]

 / Matrix:
[[37.  0.  0.  0.]
 [ 6.  0.  0.  0.]
 [54.  0.  0.  0.]]

 | Matrix:
[[37.  0.  0.  0.]
 [ 6.  0.  0.  0.]
 [54.  0.  0.  0.]]

 \ Matrix:
[[37.  0.  0.  0.]
 [ 6.  0.  0.  0.]
 [54.  0.  0.  0.]]

 Plus Cross Matrix:
[[148.   0.   0.   0.]
 [ 24.   0.   0.   0.]
 [216.   0.   0.   0.]]

Deform Area Matrix:
[[2923.    0.    0.    0.]
 [ 604.    0.    0.    0.]
 [3422.    0.    0.    0.]]

Defrom - Matrix:
[[37.  0.  0.  0.]
 [ 6.  0.  0.  0.]
 [54.  0.  0.  0.]]

Defrom / Matrix:
[[37.  0.  0.  0.]
 [ 6.  0.  0.  0.]
 [54.  0.  0.  0.]]

Defrom | Matrix:
[[37.  0.  0.  0.]
 [ 6.  0.  0.  0.]
 [54.  0.  0.  0.]]

Defrom \ Matrix:
[[37.  0.  0.  0.]
 [ 6.  0.  0.  0.]
 [54.  0.  0.  0.]]

Defrom Plus Cross Matrix:
[[148.   0.   0.   0.]
 [ 24.   0.   0.   0.]
 [216.   0.   0.   0.]]

 Area Matrix:
[[2939.    0.    0.    0.]
 [ 603.    0.    0.    0.]
 [3443.    0.    0.    0.]]

 - Matrix:
[[38.  0.  0.  0.]
 [ 6.  0.  0.  0.]
 [54.  0.  0.  0.]]

 / Matrix:
[[38.  0.  0.  0.]
 [ 6.  0.  0.  0.]
 [54.  0.  0.  0.]]

 | Matrix:
[[38.  0.  0.  0.]
 [ 6.  0.  0.  0.]
 [54.  0.  0.  0.]]

 \ Matrix:
[[38.  0.  0.  0.]
 [ 6.  0.  0.  0.]
 [54.  0.  0.  0.]]

 Plus Cross Matrix:
[[152.   0.   0.   0.]
 [ 24.   0.   0.   0.]
 [216.   0.   0.   0.]]

Deform Area Matrix:
[[2939.    0.    0.    0.]
 [ 603.    0.    0.    0.]
 [3443.    0.    0.    0.]]

Defrom - Matrix:
[[38.  0.  0.  0.]
 [ 6.  0.  0.  0.]
 [54.  0.  0.  0.]]

Defrom / Matrix:
[[38.  0.  0.  0.]
 [ 6.  0.  0.  0.]
 [54.  0.  0.  0.]]

Defrom | Matrix:
[[38.  0.  0.  0.]
 [ 6.  0.  0.  0.]
 [54.  0.  0.  0.]]

Defrom \ Matrix:
[[38.  0.  0.  0.]
 [ 6.  0.  0.  0.]
 [54.  0.  0.  0.]]

Defrom Plus Cross Matrix:
[[152.   0.   0.   0.]
 [ 24.   0.   0.   0.]
 [216.   0.   0.   0.]]

 Area Matrix:
[[2946.    0.    0.    0.]
 [ 600.    0.    0.    0.]
 [3461.    0.    0.    0.]]

 - Matrix:
[[38.  0.  0.  0.]
 [ 6.  0.  0.  0.]
 [54.  0.  0.  0.]]

 / Matrix:
[[38.  0.  0.  0.]
 [ 6.  0.  0.  0.]
 [54.  0.  0.  0.]]

 | Matrix:
[[38.  0.  0.  0.]
 [ 6.  0.  0.  0.]
 [54.  0.  0.  0.]]

 \ Matrix:
[[38.  0.  0.  0.]
 [ 6.  0.  0.  0.]
 [54.  0.  0.  0.]]

 Plus Cross Matrix:
[[152.   0.   0.   0.]
 [ 24.   0.   0.   0.]
 [216.   0.   0.   0.]]

Deform Area Matrix:
[[2946.    0.    0.    0.]
 [ 600.    0.    0.    0.]
 [3461.    0.    0.    0.]]

Defrom - Matrix:
[[38.  0.  0.  0.]
 [ 6.  0.  0.  0.]
 [54.  0.  0.  0.]]

Defrom / Matrix:
[[38.  0.  0.  0.]
 [ 6.  0.  0.  0.]
 [54.  0.  0.  0.]]

Defrom | Matrix:
[[38.  0.  0.  0.]
 [ 6.  0.  0.  0.]
 [54.  0.  0.  0.]]

Defrom \ Matrix:
[[38.  0.  0.  0.]
 [ 6.  0.  0.  0.]
 [54.  0.  0.  0.]]

Defrom Plus Cross Matrix:
[[152.   0.   0.   0.]
 [ 24.   0.   0.   0.]
 [216.   0.   0.   0.]]
